%YAML:1.0
---
aruco_bc_dict: ARUCO_MIP_36h12
aruco_bc_nmarkers: 11
aruco_bc_mInfoType: 1
aruco_bc_markers:
   - { id:4, corners:[ [ -7.9999998211860657e-02, 7.9999998211860657e-02,
       0. ], [ 7.9999998211860657e-02, 7.9999998211860657e-02, 0. ], [
       7.9999998211860657e-02, -7.9999998211860657e-02, 0. ], [
       -7.9999998211860657e-02, -7.9999998211860657e-02, 0. ] ] }
   - { id:5, corners:[ [ -4.5974552631378174e-01,
       -3.9329919219017029e-01, -1.5929516404867172e-02 ], [
       -2.9977276921272278e-01, -3.9580723643302917e-01,
       -1.4371715486049652e-02 ], [ -3.0224531888961792e-01,
       -5.5574774742126465e-01, -1.7964523285627365e-02 ], [
       -4.6221807599067688e-01, -5.5323970317840576e-01,
       -1.9522324204444885e-02 ] ] }
   - { id:6, corners:[ [ 1.4338026046752930e+00, -9.4839680194854736e-01,
       2.7490797638893127e-01 ], [ 1.4329737424850464e+00,
       -9.5286476612091064e-01, 4.3484342098236084e-01 ], [
       1.4327418804168701e+00, -1.1128021478652954e+00,
       4.3037423491477966e-01 ], [ 1.4335707426071167e+00,
       -1.1083341836929321e+00, 2.7043879032135010e-01 ] ] }
   - { id:7, corners:[ [ 1.4488656520843506e+00, -1.2416804581880569e-01,
       1.4928539991378784e+00 ], [ 1.4507510662078857e+00,
       -1.3122546672821045e-01, 1.6526870727539062e+00 ], [
       1.4499590396881104e+00, -2.9106816649436951e-01,
       1.6456385850906372e+00 ], [ 1.4480736255645752e+00,
       -2.8401073813438416e-01, 1.4858055114746094e+00 ] ] }
   - { id:8, corners:[ [ 1.4382447004318237e+00, -5.9887969493865967e-01,
       9.6009021997451782e-01 ], [ 1.4392628669738770e+00,
       -6.0603505373001099e-01, 1.1199269294738770e+00 ], [
       1.4392884969711304e+00, -7.6587498188018799e-01,
       1.1127712726593018e+00 ], [ 1.4382703304290771e+00,
       -7.5871962308883667e-01, 9.5293456315994263e-01 ] ] }
   - { id:9, corners:[ [ 1.3415863513946533e+00, -2.7882406115531921e-01,
       3.1951677799224854e+00 ], [ 1.1816583871841431e+00,
       -2.7783930301666260e-01, 3.1998691558837891e+00 ], [
       1.1804974079132080e+00, -4.3772241473197937e-01,
       3.1938660144805908e+00 ], [ 1.3404253721237183e+00,
       -4.3870717287063599e-01, 3.1891646385192871e+00 ] ] }
   - { id:10, corners:[ [ 1.4547046422958374e+00,
       -4.3398362398147583e-01, 2.1098427772521973e+00 ], [
       1.4567829370498657e+00, -4.4080761075019836e-01,
       2.2696835994720459e+00 ], [ 1.4552370309829712e+00,
       -6.0065537691116333e-01, 2.2628793716430664e+00 ], [
       1.4531587362289429e+00, -5.9383141994476318e-01,
       2.1030385494232178e+00 ] ] }
   - { id:16, corners:[ [ 7.1881377696990967e-01,
       -3.6989048123359680e-01, -4.5921327546238899e-03 ], [
       8.7879949808120728e-01, -3.7015688419342041e-01,
       -6.7158103920519352e-03 ], [ 8.7848961353302002e-01,
       -5.3012299537658691e-01, -9.9930418655276299e-03 ], [
       7.1850389242172241e-01, -5.2985662221908569e-01,
       -7.8693646937608719e-03 ] ] }
   - { id:17, corners:[ [ 4.3830722570419312e-02,
       -9.8625385761260986e-01, -2.2867338731884956e-02 ], [
       2.0371951162815094e-01, -9.9217253923416138e-01,
       -2.2130604833364487e-02 ], [ 1.9783960282802582e-01,
       -1.1519044637680054e+00, -2.9281159862875938e-02 ], [
       3.7950813770294189e-02, -1.1459858417510986e+00,
       -3.0017893761396408e-02 ] ] }
   - { id:18, corners:[ [ -1.5056509971618652e+00,
       -7.0431190729141235e-01, -3.6254264414310455e-02 ], [
       -1.3456826210021973e+00, -7.0706069469451904e-01,
       -3.4659869968891144e-02 ], [ -1.3483819961547852e+00,
       -8.6696439981460571e-01, -3.9510488510131836e-02 ], [
       -1.5083503723144531e+00, -8.6421561241149902e-01,
       -4.1104882955551147e-02 ] ] }
   - { id:19, corners:[ [ -1.1176915168762207e+00,
       -1.1083073914051056e-02, -1.7395989969372749e-02 ], [
       -9.5772457122802734e-01, -1.3967655599117279e-02,
       -1.5895184129476547e-02 ], [ -9.6057724952697754e-01,
       -1.7390722036361694e-01, -1.9241599366068840e-02 ], [
       -1.1205441951751709e+00, -1.7102262377738953e-01,
       -2.0742405205965042e-02 ] ] }
